33847 31545
34114 32353
35522 33404
33404 34640
34640 31387
32280 31784
31545 32280
33204 31706
31387 34134
34134 35522
32353 35236
35236 33847
31706 33204
31784 34114
36877 32247
34074 36273
36273 34074
32247 36877
36389 36651
36651 34574
31798 35421
35421 33928
34682 31979
33215 36637
35965 35318
34248 31691
34462 35111
32119 35153
34212 36574
31275 35913
35762 32879
33467 32750
32611 36227
31604 32887
33363 36848
36268 34599
36239 36050
34123 33080
32040 34278
35695 30946
30970 34045
32143 36460
30932 33363
34118 33128
35407 36239
31323 33333
33849 35247
36693 36408
33483 31456
33833 35947
32296 32504
32221 33758
36520 32547
31047 33131
32382 34665
36303 35302
30946 33919
33727 33619
30927 36918
34278 34441
35302 34453
32441 34955
33080 34203
33414 34460
33380 35408
33831 34596
33940 35268
33472 36827
36449 36313
32720 36055
36707 31398
31379 35762
36630 35644
34477 36599
35748 31543
32422 32446
31832 35087
33619 31676
36918 32973
34665 33227
33919 35097
31517 34518
35821 34908
32008 36563
31319 36582
35931 35305
31950 33393
33129 34698
35182 33082
34102 36631
31451 30932
34547 34682
36674 31610
32459 36855
35879 33930
34190 35401
35577 36869
31159 33496
33062 35650
31918 35878
36830 36870
34030 31379
32241 32159
34529 32218
32972 34519
32177 34153
36348 34533
31859 34179
34850 31348
34669 31588
32183 31451
36188 34547
33645 33150
33930 33524
34317 35405
34073 36166
34888 32199
33786 35316
32828 32700
33877 32999
36471 32559
32728 34392
33262 32699
34052 30960
36214 35745
34716 34331
33492 34917
36577 33308
32265 33205
33610 31947
36359 36359
32208 36261
32995 32224
34723 32464
35712 36188
35591 33249
36277 35159
32853 32853
34724 33438
33820 34399
34618 34618
34605 34605
32630 36897
32775 32710
32606 32276
34051 35717
31705 32940
34659 36099
35383 34649
33438 32208
34399 33820
34512 34512
33992 33992
34967 34724
34602 34602
35159 36577
34157 34157
36362 35712
31911 31911
33617 35591
33744 33744
35829 35829
33249 36362
35678 35678
32464 34723
33308 36277
31947 33610
33115 36213
33515 35738
32100 32995
35759 32243
32820 34635
31787 36532
36251 31107
36132 33675
31740 31195
34016 34692
36099 32058
34692 32100
31226 34535
32379 32379
35587 35587
31028 31028
35371 35371
32172 32172
32348 32348
35820 35820
36581 36581
32288 32288
31698 31698
32824 32824
33473 33473
32465 32465
31577 31577
31046 31046
35144 35144
34546 34546
32516 32516
35196 35196
32659 32659
32976 32976
33690 33690
34216 34216
35556 35556
34138 34138
33970 33970
35160 35160
35654 35654
33318 33318
34130 34130
33857 33857
33326 33326
34554 34554
32946 32946
32096 32096
35533 35533
36063 36063
36164 36164
33870 33870
33982 33982
36421 36421
35366 35366
33468 33468
35689 35689
33417 33417
32394 32394
34899 34899
35863 35863
32228 32228
32845 32845
35333 35333
32403 32403
32091 32091
32614 32614
33122 33122
35742 35742
36789 36789
32013 32013
34922 34922
31557 35925
33763 33763
34158 33325
35925 34650
33325 34158
36759 31557
35322 35489
31462 32148
36218 32487
35595 34746
32487 31462
32148 36218
34746 35595
34531 35787
35787 34531
34437 32813
34711 31737
33144 36454
32813 34437
36454 33144
31737 34711
31107 36360
36360 34005
35624 34850
36496 35627
35627 36496
31060 32185
32185 31060
32481 32481
32529 32529
36762 36762
33048 33048
36873 36873
33136 33136
35064 35064
34199 34199
32949 32949
32297 32297
34511 34511
32525 32525
32467 32467
32166 32166
35396 35396
33418 33418
34649 30992
36552 36552
31792 31792
32954 32954
31289 31289
36044 36044
32522 32522
32874 32874
35312 35312
32305 32305
34971 34971
34894 34894
32809 33012
34553 34553
31140 31140
32656 32656
33383 33383
33756 33756
33504 33504
34364 34364
36840 36840
35051 35051
36269 36269
34747 34747
31208 31208
36744 36744
33235 33235
33969 33969
31051 31051
32130 35633
32651 32130
35633 32651
35527 34839
31793 31012
35137 33587
33587 31793
31012 35137
31907 36598
31610 34312
36005 31064
35644 32152
34705 34705
32756 32756
35468 35468
33555 33555
31964 31964
34697 34697
32526 32526
33334 33334
36253 36253
34555 34555
31217 31217
32851 32851
33317 33317
32628 32628
36354 36354
35446 35446
32475 33123
31734 35391
35001 31734
36267 35001
35391 32475
35551 36267
33123 33528
31837 35551
33776 33776
33839 33839
32768 32421
33803 31040
32421 33803
31040 32768
32385 35436
34146 34146
35436 32385
34753 34753
35550 35550
34916 34916
36866 36866
31209 31209
36167 36167
31916 31916
32289 32289
32789 32789
36516 32257
32257 36516
33445 31319
36607 30991
30991 36607
32152 34273
36440 32018
33027 32157
32157 33027
32054 32054
36888 36888
36341 36341
34568 34568
35288 35288
32948 32948
33102 33102
35835 35835
32498 32498
32890 32890
33222 33222
31345 31345
36490 36490
36137 36137
33124 33124
32361 32361
33347 33347
32049 32049
32610 32610
34241 34241
35603 35603
35163 35163
36242 36242
31054 31054
36473 36473
36756 36756
34353 34353
32503 35801
33585 32983
32983 33585
35205 35205
36161 36161
34678 34678
35848 35848
32128 32128
36397 36397
31098 31098
36212 36212
31307 36488
32355 35078
31619 33301
31195 31585
34133 31003
35247 33525
34552 34552
31552 31552
32277 32277
31483 31483
34273 35383
32243 35128
31064 33877
35914 35914
35370 35370
32617 35977
32416 32416
35977 32617
36862 36862
35756 35756
31689 33705
35993 34285
35588 31891
34285 31689
32207 34879
34162 31016
33063 34162
34272 32207
34879 32807
31016 33063
33033 34449
34449 33033
36869 32720
33672 34556
36563 33833
34153 33129
34519 36707
34460 31604
34441 32221
36917 32296
33227 36693
34955 33483
34908 33380
33535 33676
33676 33535
34921 31829
32232 34921
31914 35197
31829 34283
35197 32232
31732 31732
34203 33428
31129 31129
31697 31697
36875 31693
31693 36875
33501 34992
34992 33501
36037 36037
31466 31466
36871 36871
33639 36030
34154 34154
33865 34691
34691 33865
35738 33486
34403 33752
33752 36147
36147 34403
33485 35688
35688 33485
36590 36590
34839 35081
31658 31990
36695 31787
36506 36506
33792 33792
35511 35511
31985 31985
35441 35441
32801 32801
35250 35250
34400 34400
36001 36001
36043 36043
31753 31753
35726 35726
32962 36604
31490 31490
32225 36231
33708 34338
34338 33708
34994 34956
36814 34994
34125 36814
34333 34333
35069 35069
31980 31980
36309 33407
32869 32405
31657 36361
33043 31657
34108 33043
35923 35923
34430 34430
35966 31950
35483 35483
31152 32041
31680 32376
35490 36524
36524 35490
31838 31838
34898 34898
33328 33994
36347 36347
36342 36342
36465 36465
35145 35145
35141 35966
35067 35067
32104 32104
33407 35612
35090 35090
31024 31024
31930 32107
32107 31930
36317 34659
36717 36317
36703 36703
34454 34454
34456 34456
35319 35319
32253 33786
30952 30952
34940 35141
34349 35796
32542 32542
35110 35759
33931 32775
32268 32268
30988 30988
32224 33533
34087 34087
35708 34268
34268 36716
31102 31102
31109 31109
32800 32800
33067 33067
35849 35849
34643 34643
36627 33931
32342 36627
35297 31705
33689 33689
33119 32177
32940 36348
35766 36830
31527 35766
35718 35718
31037 31037
33428 34051
34453 35931
35081 31323
34179 34940
31692 31740
34006 35297
33951 31832
35285 31907
35612 33849
31214 36850
34596 32227
32553 32836
34331 36251
35745 36132
35153 33145
36279 34477
35980 31859
35258 32630
